548814 715189 602763
544883 423655 645894
437587 891773 963663
383442 791725 528895
568045 925597  71036
 87129  20218 832620
778157 870012 978618
799159 461479 780529
118274 639921 143353
944669 521848 414662
264556 774234 456150
568434  18790 617635
612096 616934 943748
681820 359508 437032
697631  60225 666767
670638 210383 128926
315428 363711 570197
438602 988374 102045
208877 161310 653108
253292 466311 244426
158970 110375 656330
138183 196582 368725
820993  97101 837945
 96098 976459 468651
976761 604846 739264
 39188 282807 120197
296140 118728 317983
414263  64147 692472
566601 265389 523248
 93941 575946 929296
